test_rmse=16.508698
test_mae=9.327926
